0          35       35      0         0
1           5        30    0.9         1
2          5        30     0.6         1
3          5        30     0.4         1 
4          5        30    0.5          1
5          41       49     0.4        0
6          37        56     0.4       0
7          37        56     0.5       0
8        15        19     0.3         0
9          7        20     0.4       1
10          7        20     0.4       1
11         12       40     0.6       0
12         12       40     0.4       0
13         5         30              1
14         5         30              1   
15         5         30              1
16         5         30              1
17         41       49                0
18         41       49                0
19         41       49                0
20         41       49                0
21         41       49                0
22         37       56                0
23         37       56                0
24         37       56                0
25         15       19                0
26         15       19                0
27         15       19                0
28           7       20                1
29           7       20                1
30           7       20                1
31           7       20                1
32           7       20                1
33         12       40                0
34         12       40                0
35         12       40                0
36         12       40                0
37         35       35              