0          35       35      0       0 
1           5        30    0.9      1       
2          41       49    0.4      0      
3          37       56    0.6      1      
4          37       56    0.6      1      
5          37       56    0.5      1      
6          37       56    0.4      1      
7          15       19    0.3      0      
8          15       19    0.6      0      
9            5        30              1  
10	      5        30              1
11          5        30              1
12          5        30              1
13          5        30              1
14         41       49              0
15         41       49              0 
16         41       49              0   
17         37       56              1
18         37       56              1
19         37       56              1 
20         37       56              1      
21         15       19              0
22         15       19              0
23         15       19              0
24         15       19              0
25          35      35             